 have disease
    0.63239631, -0.02731081, -0.87985049,  0.36806203,  0.14406765,
        0.49280653,  0.30476869,  0.49170115, -0.3137565 , -0.32592164,
       -0.25848708, -0.23791175, -0.33873289, -0.25879402, -0.2113724 ,
       -0.61257363,  0.87112118,  0.24786644,  0.19888239, -0.97586547,
       -0.55160318,  0.07769494
        
  
        
        no disease
      1.03983688,  0.17237666,  1.67879945, -0.83410268, -0.94428847,
       -0.73207722, -0.75558996, -0.73211087, -0.93702927, -0.90522785,
       -0.94302224, -0.83727105, -0.87945488, -0.94333241, -0.59315683,
        1.97537236, -0.29114466,  0.35627085, -1.24057161, -0.59088115,
       -2.2231008 , -1.20119397
        
        